{
 "cells": [
  {
   "cell_type": "markdown",
   "id": "b1720141-ed5d-437c-b2b4-adbf38f33b72",
   "metadata": {},
   "source": [
    "# Step 1: Feature Extraction "
   ]
  },
  {
   "cell_type": "code",
   "execution_count": 8,
   "id": "f61218d7-8ed9-4841-96b4-8ab7b42ff366",
   "metadata": {},
   "outputs": [
    {
     "name": "stdout",
     "output_type": "stream",
     "text": [
      "Processing training images...\n",
      "Processed and saved features for sun_bejituvblxjrssxl.jpg\n",
      "Processed and saved features for sun_ajcnfezfvmclnyac.jpg\n",
      "Processed and saved features for sun_aafvyefdfobptgrz.jpg\n",
      "Processed and saved features for sun_beroqgzewiqbdocz.jpg\n",
      "Processed and saved features for sun_asvnyjcbsipjnsre.jpg\n",
      "Processed and saved features for sun_axvdfabagcfcrjdn.jpg\n",
      "Processed and saved features for sun_apinwducjegkiqxk.jpg\n",
      "Processed and saved features for sun_agejojvttluyffmk.jpg\n",
      "Processed and saved features for sun_auyjcmqmsxiatjtg.jpg\n",
      "Processed and saved features for sun_ajswveykgvwddpqd.jpg\n",
      "Processed and saved features for sun_afxxlyvgmhxzkxjs.jpg\n",
      "Processed and saved features for sun_aykzcanmbpokcood.jpg\n",
      "Processed and saved features for sun_aabpsmafrtneeadl.jpg\n",
      "Processed and saved features for sun_afcagahirnkxvaja.jpg\n",
      "Processed and saved features for sun_ayqetykpphjpuabg.jpg\n",
      "Processed and saved features for sun_abgifrznoippetrg.jpg\n",
      "Processed and saved features for sun_albvrbzxtbhlfooz.jpg\n",
      "Processed and saved features for sun_arvzxhlyywcanvyu.jpg\n",
      "Processed and saved features for sun_agjqlblmiamwobjj.jpg\n",
      "Processed and saved features for sun_aowzthgywqfumjcg.jpg\n",
      "Processed and saved features for sun_axjdhjaiwsugmxru.jpg\n",
      "Processed and saved features for sun_abbqsmpgzwrfmjxg.jpg\n",
      "Processed and saved features for sun_aqftctjxicgethmn.jpg\n",
      "Processed and saved features for sun_awafckiuiwdagofk.jpg\n",
      "Processed and saved features for sun_auaqjvijijwnojgv.jpg\n",
      "Processed and saved features for sun_ajtvpetsnpaowbto.jpg\n",
      "Processed and saved features for sun_ayparszjadedxjia.jpg\n",
      "Processed and saved features for sun_acvovsrkuqmypydj.jpg\n",
      "Processed and saved features for sun_anszcgxfcpqjvfny.jpg\n",
      "Processed and saved features for sun_ajohvhiylzpdcryv.jpg\n",
      "Processed and saved features for sun_akwoeqhbppkvumyv.jpg\n",
      "Processed and saved features for sun_aktwjrhpbihxnxhq.jpg\n",
      "Processed and saved features for sun_aazufrgymjxluzjo.jpg\n",
      "Processed and saved features for sun_aexorgchctkcbhiq.jpg\n",
      "Processed and saved features for sun_axqnowuutloxkcsp.jpg\n",
      "Processed and saved features for sun_apxuuyzeafxerpie.jpg\n",
      "Processed and saved features for sun_aefcbrgrtkkhfznu.jpg\n",
      "Processed and saved features for sun_aswgzhhypdloknko.jpg\n",
      "Processed and saved features for sun_agqptvebrkgytbfi.jpg\n",
      "Processed and saved features for sun_ayorrcegxiolwxng.jpg\n",
      "Processed and saved features for sun_aekqnnackgxerrjn.jpg\n",
      "Processed and saved features for sun_aeyjnybbygaaonmh.jpg\n",
      "Processed and saved features for sun_aeueepyxdhmzhgoa.jpg\n",
      "Processed and saved features for sun_aitvbhevbkjlnbqw.jpg\n",
      "Processed and saved features for sun_ajruhveolfpfjvvj.jpg\n",
      "Processed and saved features for sun_akobbzgscgahkypx.jpg\n",
      "Processed and saved features for sun_alepnfaubsfdgzar.jpg\n",
      "Processed and saved features for sun_aicltyhfaazmpqtt.jpg\n",
      "Processed and saved features for sun_aqqqrpavpjkngryl.jpg\n",
      "Processed and saved features for sun_audzwsdhislqmcvy.jpg\n",
      "Processed and saved features for sun_aefmeorznegoepui.jpg\n",
      "Processed and saved features for sun_aqbyldrghvobxptj.jpg\n",
      "Processed and saved features for sun_avpvivtjynwhydrh.jpg\n",
      "Processed and saved features for sun_adinqjwrrknsvuhl.jpg\n",
      "Processed and saved features for sun_agtmekdzuythzgsq.jpg\n",
      "Processed and saved features for sun_akahvgfxgydyyxuy.jpg\n",
      "Processed and saved features for sun_aackmxuaumbyjrvf.jpg\n",
      "Processed and saved features for sun_ajupbdihrwdcwgsh.jpg\n",
      "Processed and saved features for sun_aocnnmjnhxawuivv.jpg\n",
      "Processed and saved features for sun_aangxwznfqpugceb.jpg\n",
      "Processed and saved features for sun_abicjjustshspbzc.jpg\n",
      "Processed and saved features for sun_awbkzsgvdfjtweuz.jpg\n",
      "Processed and saved features for sun_arvbwpytrtowibep.jpg\n",
      "Processed and saved features for sun_agpwvfrihiyvgvim.jpg\n",
      "Processed and saved features for sun_abehcagumefhwepv.jpg\n",
      "Processed and saved features for sun_adgvtrlznhpbcyjb.jpg\n",
      "Processed and saved features for sun_arfesnaxdxwpjcin.jpg\n",
      "Processed and saved features for sun_arfieglhnmdapnrj.jpg\n",
      "Processed and saved features for sun_agqntkcnzrdcfyqz.jpg\n",
      "Processed and saved features for sun_acpberzhngstmamb.jpg\n",
      "Processed and saved features for sun_acbvpqukiofgvynm.jpg\n",
      "Processed and saved features for sun_aomucvhaclqgskmi.jpg\n",
      "Processed and saved features for sun_afblakizhfyfgexw.jpg\n",
      "Processed and saved features for sun_azpmxnrlzbqivdlb.jpg\n",
      "Processed and saved features for sun_ajpchrddlwjqxslx.jpg\n",
      "Processed and saved features for sun_axnpvydzwzwjawdx.jpg\n",
      "Processed and saved features for sun_atnydzegnnnsodjs.jpg\n",
      "Processed and saved features for sun_aetuzbtadkfjplvz.jpg\n",
      "Processed and saved features for sun_awmutccuioflhfti.jpg\n",
      "Processed and saved features for sun_amghtjzoujyzurft.jpg\n",
      "Processed and saved features for sun_aweouoygadstrmai.jpg\n",
      "Processed and saved features for sun_afdyvswxxniijwqd.jpg\n",
      "Processed and saved features for sun_acilupxslewqgtyw.jpg\n",
      "Processed and saved features for sun_aegeonamiuzihito.jpg\n",
      "Processed and saved features for sun_boznvhxxhtfpldpr.jpg\n",
      "Processed and saved features for sun_aehkklrojfaovroy.jpg\n",
      "Processed and saved features for sun_azqqcdprlmrwqcts.jpg\n",
      "Processed and saved features for sun_aeepugixfpzpylrv.jpg\n",
      "Processed and saved features for sun_aksxiwxhzullzvla.jpg\n",
      "Processed and saved features for sun_asgixjtedklbawgm.jpg\n",
      "Processed and saved features for sun_ayvyivfyqxdiqcjz.jpg\n",
      "Processed and saved features for sun_azhulnhvqosjhbas.jpg\n",
      "Processed and saved features for sun_aofxjrllayoyuobq.jpg\n",
      "Processed and saved features for sun_akihpnhiblchzhgq.jpg\n",
      "Processed and saved features for sun_aosiagfhrdhnayvm.jpg\n",
      "Processed and saved features for sun_aaftvelcelybxkhs.jpg\n",
      "Processed and saved features for sun_abjellydogjafulc.jpg\n",
      "Processed and saved features for sun_ahhvaejtcvichkpm.jpg\n",
      "Processed and saved features for sun_almqhexytbgvxtfc.jpg\n",
      "Processed and saved features for sun_aawayyqpzkeynmwu.jpg\n",
      "Processed and saved features for sun_ategwevtllxpobot.jpg\n",
      "Processed and saved features for sun_ahtzdwjqixilslrl.jpg\n",
      "Processed and saved features for sun_aglxrcfjrogfzdhm.jpg\n",
      "Processed and saved features for sun_axdmfmzdmhqwjjpf.jpg\n",
      "Processed and saved features for sun_alfmwlhgekogikbi.jpg\n",
      "Processed and saved features for sun_almgpgsljkensfbb.jpg\n",
      "Processed and saved features for sun_azbjkelxhqmwhikj.jpg\n",
      "Processed and saved features for sun_awjxwjhqqizdegbd.jpg\n",
      "Processed and saved features for sun_aryrtpbehyqzvnvp.jpg\n",
      "Processed and saved features for sun_aarrlvxxrjxftsuu.jpg\n",
      "Processed and saved features for sun_awjouldhduoibblc.jpg\n",
      "Processed and saved features for sun_avxtaljworlgtfgi.jpg\n",
      "Processed and saved features for sun_aiuhwofaknavsqzr.jpg\n",
      "Processed and saved features for sun_aagvwgntclshghai.jpg\n",
      "Processed and saved features for sun_anzoyntpuzkyzgyn.jpg\n",
      "Processed and saved features for sun_aeylitslkauqmnqw.jpg\n",
      "Processed and saved features for sun_aqpppkkoqczrdksj.jpg\n",
      "Processed and saved features for sun_akdikawjhayiecma.jpg\n",
      "Processed and saved features for sun_aknlbkdbkblqjpcg.jpg\n",
      "Processed and saved features for sun_acrbvetgiwtbvpid.jpg\n",
      "Processed and saved features for sun_aamlzecjkxlnoedl.jpg\n",
      "Processed and saved features for sun_axossqupetrgehjt.jpg\n",
      "Processed and saved features for sun_antpdimsgaumhkzj.jpg\n",
      "Processed and saved features for sun_acrvwdwcnqgbvcbi.jpg\n",
      "Processed and saved features for sun_apxhgpmlykvgxnze.jpg\n",
      "Processed and saved features for sun_aykzmokursdxtcqj.jpg\n",
      "Processed and saved features for sun_aptyzmluwzhdusmc.jpg\n",
      "Processed and saved features for sun_aojdlarxknlgavli.jpg\n",
      "Processed and saved features for sun_amaitcyodsfflkgk.jpg\n",
      "Processed and saved features for sun_arebfbeocihdehdc.jpg\n",
      "Processed and saved features for sun_airytsbhvjoeuqnk.jpg\n",
      "Processed and saved features for sun_atrjnvltlivtzznr.jpg\n",
      "Processed and saved features for sun_akgdctkuexuapbnq.jpg\n",
      "Processed and saved features for sun_auglgxcbcquqoysr.jpg\n",
      "Processed and saved features for sun_aghkmbqrsfmpshxw.jpg\n",
      "Processed and saved features for sun_abjxfjcrqxjhbkhi.jpg\n",
      "Processed and saved features for sun_axlvfjcqvtemwgyb.jpg\n",
      "Processed and saved features for sun_aukkmetnkwxwhwil.jpg\n",
      "Processed and saved features for sun_arqegunvvfldtqds.jpg\n",
      "Processed and saved features for sun_akbydxhnubvnjymf.jpg\n",
      "Processed and saved features for sun_amkvqkozgqywhfgw.jpg\n",
      "Processed and saved features for sun_awaaqfhyfnlmkhpq.jpg\n",
      "Processed and saved features for sun_adlsavfxcjkctdfu.jpg\n",
      "Processed and saved features for sun_asdfdvkuyuolqmwb.jpg\n",
      "Processed and saved features for sun_aumcjogqstlttpej.jpg\n",
      "Processed and saved features for sun_avwrcvziukipjbix.jpg\n",
      "Processed and saved features for sun_afxnftrhigdckaaa.jpg\n",
      "Processed and saved features for sun_avgiabmlryowstua.jpg\n",
      "Processed and saved features for sun_afqgbxrmirjsvmid.jpg\n",
      "Processed and saved features for sun_abybmfbnmlztrjpm.jpg\n",
      "Processing test images...\n",
      "Processed and saved features for sun_allbzlcdjvazzghj.jpg\n",
      "Processed and saved features for sun_aeurfpqzwflmkdxo.jpg\n",
      "Processed and saved features for sun_aoyjfyrnyczrgtvw.jpg\n",
      "Processed and saved features for sun_agoxuyhyugwuuekn.jpg\n",
      "Processed and saved features for sun_ahxyrihxxtesytxs.jpg\n",
      "Processed and saved features for sun_azkxeypcmrlveciz.jpg\n",
      "Processed and saved features for sun_arhzsylsqilqjlrg.jpg\n",
      "Processed and saved features for sun_akfqcrrqpbzjsqob.jpg\n",
      "Processed and saved features for sun_avcrkwrwsgjmrkht.jpg\n",
      "Processed and saved features for sun_awsmojrwqbdilqhg.jpg\n",
      "Processed and saved features for sun_atisekgpjwviikei.jpg\n",
      "Processed and saved features for sun_amnipwocjnqfrdds.jpg\n",
      "Processed and saved features for sun_asxlyagnntbmtpii.jpg\n",
      "Processed and saved features for sun_alufucueluzcbpos.jpg\n",
      "Processed and saved features for sun_akhwozmuqyvaayfl.jpg\n",
      "Processed and saved features for sun_aidqojfeowvnvsyn.jpg\n",
      "Processed and saved features for sun_alpkhxvjuxlgysvh.jpg\n",
      "Processed and saved features for sun_akuftfwcepfplhsh.jpg\n",
      "Processed and saved features for sun_auoymymxfszqbypy.jpg\n",
      "Processed and saved features for sun_aapbvlsxbfbdihfb.jpg\n",
      "Processed and saved features for sun_azvfdbhuvxduxapc.jpg\n",
      "Processed and saved features for sun_ajtydyeuepreayhz.jpg\n",
      "Processed and saved features for sun_anyoomviykbcfzps.jpg\n",
      "Processed and saved features for sun_akehcuvnzdqbcjtr.jpg\n",
      "Processed and saved features for sun_apnagbvvtlhmnidd.jpg\n",
      "Processed and saved features for sun_aqhbnjejdmwfpifm.jpg\n",
      "Processed and saved features for sun_acgmbzycrhxtmjdh.jpg\n",
      "Processed and saved features for sun_asuedipgaiykcgyv.jpg\n",
      "Processed and saved features for sun_akcycfgptrmdmbik.jpg\n",
      "Processed and saved features for sun_asaihuvkcwnbsvej.jpg\n",
      "Processed and saved features for sun_aadeopqdhgrobvqm.jpg\n",
      "Processed and saved features for sun_agtcwwbzxopcbizr.jpg\n",
      "Processed and saved features for sun_aikqrdbjlewabdni.jpg\n",
      "Processed and saved features for sun_aqbjeflkufpnvuvq.jpg\n",
      "Processed and saved features for sun_axecntygrkzmnrbj.jpg\n",
      "Processed and saved features for sun_alabjcqbzbtvvtcp.jpg\n",
      "Processed and saved features for sun_addirejroxghtmrm.jpg\n",
      "Processed and saved features for sun_aripdbqeoszauhdj.jpg\n",
      "Processed and saved features for sun_akhdehitquntyszv.jpg\n",
      "Processed and saved features for sun_abpfulsvesxynnwz.jpg\n",
      "Processed and saved features for sun_ajofgorwpatbxtej.jpg\n",
      "Processed and saved features for sun_axnkcsintratvqlt.jpg\n",
      "Processed and saved features for sun_arzgxrphmdibfvvn.jpg\n",
      "Processed and saved features for sun_avulsbgqrlagzdlp.jpg\n",
      "Processed and saved features for sun_amatwvgcfyzuynms.jpg\n",
      "Processed and saved features for sun_arxtjqriutqcoorj.jpg\n",
      "Processed and saved features for sun_axxcegcnrsgeejff.jpg\n",
      "Processed and saved features for sun_acwykadkcgeddmxc.jpg\n",
      "Processed and saved features for sun_ahhgdoblnheoxcpp.jpg\n",
      "Processed and saved features for sun_aacgdhdsnjzxcgax.jpg\n",
      "Processed and saved features for sun_axecxurrknktsubr.jpg\n",
      "Processed and saved features for sun_asbrjmrbzfqirlim.jpg\n",
      "Processed and saved features for sun_adwesqwixmfqxgtx.jpg\n",
      "Processed and saved features for sun_akapvnwljqiszigh.jpg\n",
      "Processed and saved features for sun_atzrhbcvxuyemxoe.jpg\n",
      "Processed and saved features for sun_adjxqctzulwziqbn.jpg\n",
      "Processed and saved features for sun_aujzbsrigtiovibc.jpg\n",
      "Processed and saved features for sun_aejgohjxdlnnzztz.jpg\n",
      "Processed and saved features for sun_ayssmvnrwfowflaz.jpg\n",
      "Processed and saved features for sun_advxqepgmiwktola.jpg\n",
      "Processed and saved features for sun_aphtinllftzevfpn.jpg\n",
      "Processed and saved features for sun_acllxzfyqauwsehk.jpg\n",
      "Processed and saved features for sun_atdxtruuizwzjadt.jpg\n",
      "Processed and saved features for sun_arskefblxexvzgic.jpg\n",
      "Processed and saved features for sun_amnhyskdrvvhjxch.jpg\n",
      "Processed and saved features for sun_ajamewtjtshzjzee.jpg\n",
      "Processed and saved features for sun_appwllojufniahga.jpg\n",
      "Processed and saved features for sun_aaookxeymqefesal.jpg\n",
      "Processed and saved features for sun_asqsdkeavvmmjywb.jpg\n",
      "Processed and saved features for sun_alcjyozpqdyuwjkh.jpg\n",
      "Processed and saved features for sun_afozvdelwolgkiii.jpg\n",
      "Processed and saved features for sun_amggaalxpfcdhtwb.jpg\n",
      "Processed and saved features for sun_apdhbrkggbsaqdjy.jpg\n",
      "Processed and saved features for sun_aixxkdwodcmoyzjg.jpg\n",
      "Processed and saved features for sun_aucxledgylowriby.jpg\n",
      "Processed and saved features for sun_aecciygrclivrymn.jpg\n",
      "Processed and saved features for sun_aaqdsbrpbdabfsbf.jpg\n",
      "Processed and saved features for sun_ayjctazptmrezpal.jpg\n",
      "Processed and saved features for sun_apjlqamjqainvtex.jpg\n",
      "Processed and saved features for sun_agjrtosqpvfypfbo.jpg\n",
      "Processed and saved features for sun_appkuavbzhxwbiox.jpg\n",
      "Processed and saved features for sun_ammqkoaojhblscfk.jpg\n",
      "Processed and saved features for sun_anuccyypakddkvpd.jpg\n",
      "Processed and saved features for sun_awrkbvmnpdyrnaxy.jpg\n",
      "Processed and saved features for sun_axogkymwdlhoqovu.jpg\n",
      "Processed and saved features for sun_avtegqjsayfszziy.jpg\n",
      "Processed and saved features for sun_assoogmkirrqttps.jpg\n",
      "Processed and saved features for sun_amhjsfbfnjzpfmts.jpg\n",
      "Processed and saved features for sun_anuvwfskoyytyzff.jpg\n",
      "Processed and saved features for sun_ajniqqmevovpigjc.jpg\n",
      "Processed and saved features for sun_alleoakvlilxlkip.jpg\n",
      "Processed and saved features for sun_anoysehdxqvtblch.jpg\n",
      "Processed and saved features for sun_axvnolpqjlggbtrw.jpg\n",
      "Processed and saved features for sun_alharewbbgteazev.jpg\n",
      "Processed and saved features for sun_ahprpgqzhdsgfpxd.jpg\n",
      "Processed and saved features for sun_aehmwnhywonrztaf.jpg\n",
      "Processed and saved features for sun_auzndqbgyfodsewj.jpg\n",
      "Processed and saved features for sun_azffqakxecywinrs.jpg\n",
      "Processed and saved features for sun_ahoryetnogywzojj.jpg\n",
      "Processed and saved features for sun_acecyziibcihwzoa.jpg\n",
      "Processed and saved features for sun_aicmpgyflyssqvky.jpg\n",
      "Processed and saved features for sun_ainaqbcbmukvybcj.jpg\n",
      "Processed and saved features for sun_akbroihotcraybvn.jpg\n",
      "Processed and saved features for sun_ashjgsspyetcvpqc.jpg\n",
      "Processed and saved features for sun_alrbwinlajjslmwe.jpg\n",
      "Processed and saved features for sun_aobzjrxxrpeklywd.jpg\n",
      "Processed and saved features for sun_atitaedukmimiozr.jpg\n",
      "Processed and saved features for sun_aodtfpoxdoavijdz.jpg\n",
      "Processed and saved features for sun_ackzydggopidfvhd.jpg\n",
      "Processed and saved features for sun_acyjrzznztmroglp.jpg\n",
      "Processed and saved features for sun_ajdgttnlsffrzlvn.jpg\n",
      "Processed and saved features for sun_ackdwnmnaehpqggg.jpg\n",
      "Processed and saved features for sun_avrxmzjwgzdwxoye.jpg\n",
      "Processed and saved features for sun_augwhqyrmoilsjbi.jpg\n",
      "Processed and saved features for sun_adcpwszvjhmjgzdb.jpg\n",
      "Processed and saved features for sun_axqjmnoybtmijszw.jpg\n",
      "Processed and saved features for sun_ahvtjbhivntafhxz.jpg\n",
      "Processed and saved features for sun_acuexwlypmvysydi.jpg\n",
      "Processed and saved features for sun_aypwnlepbscmkvof.jpg\n",
      "Processed and saved features for sun_axtzggujhstolptu.jpg\n",
      "Processed and saved features for sun_adwfwvslgbctxwkx.jpg\n",
      "Processed and saved features for sun_akpdbwazawgjppjy.jpg\n",
      "Processed and saved features for sun_acghfkorvlqvksjz.jpg\n",
      "Processed and saved features for sun_ajwacughhjxewlvz.jpg\n",
      "Processed and saved features for sun_aaestfykdspfjxqz.jpg\n",
      "Processed and saved features for sun_aczyhutikhgtlnhk.jpg\n",
      "Processed and saved features for sun_atbyusklawegwiiq.jpg\n",
      "Processed and saved features for sun_akbuisxsqiyfgjnw.jpg\n",
      "Processed and saved features for sun_aygrtwrwfezqjizr.jpg\n",
      "Processed and saved features for sun_aeevojrozcqhtqgc.jpg\n",
      "Processed and saved features for sun_ajhvdzdscjkjzath.jpg\n",
      "Processed and saved features for sun_aktxaltontyvqota.jpg\n",
      "Processed and saved features for sun_asdpywyimdfmumkh.jpg\n",
      "Processed and saved features for sun_ayxobrnajtjaxbjd.jpg\n",
      "Processed and saved features for sun_auvwkdwoulmwacyv.jpg\n",
      "Processed and saved features for sun_aaqfmkvdwukffrst.jpg\n",
      "Processed and saved features for sun_ayecsidneqlekrsx.jpg\n",
      "Processed and saved features for sun_azdoopzgfiafkayr.jpg\n",
      "Processed and saved features for sun_avpzdyffxslyxtez.jpg\n",
      "Processed and saved features for sun_auacrknnpbhjfbbw.jpg\n",
      "Processed and saved features for sun_aajgmzsvuhejexcq.jpg\n",
      "Processed and saved features for sun_augenxtxecqysxcv.jpg\n",
      "Processed and saved features for sun_akcxxbgqrapnmrqt.jpg\n",
      "Processed and saved features for sun_arqftsaavloikzcu.jpg\n",
      "Processed and saved features for sun_akfqqtdmkhvbevga.jpg\n",
      "Processed and saved features for sun_atqpcjggyhbeqyyc.jpg\n",
      "Processed and saved features for sun_acbeefkxpymwevpk.jpg\n",
      "Processed and saved features for sun_awfsyotdyjpvaxxr.jpg\n",
      "Processed and saved features for sun_awugifynqpycseqc.jpg\n",
      "Processed and saved features for sun_alyakkizvmfscmlr.jpg\n"
     ]
    }
   ],
   "source": [
    "import os\n",
    "import cv2\n",
    "import numpy as np\n",
    "\n",
    "# Function to extract 24-dimensional color histogram features from a single patch\n",
    "def extract_patch_histogram(patch, bins=(8, 8, 8)):\n",
    "    # Extract 8-bin color histograms for R, G, B channels\n",
    "    hist_r = cv2.calcHist([patch], [0], None, [bins[0]], [0, 256]).flatten()  # Red channel\n",
    "    hist_g = cv2.calcHist([patch], [1], None, [bins[1]], [0, 256]).flatten()  # Green channel\n",
    "    hist_b = cv2.calcHist([patch], [2], None, [bins[2]], [0, 256]).flatten()  # Blue channel\n",
    "    \n",
    "    # Normalize histograms\n",
    "    hist_r /= np.sum(hist_r)\n",
    "    hist_g /= np.sum(hist_g)\n",
    "    hist_b /= np.sum(hist_b)\n",
    "    \n",
    "    # Concatenate R, G, B histograms into a 24-dimensional vector\n",
    "    feature_vector = np.concatenate([hist_r, hist_g, hist_b])\n",
    "    return feature_vector\n",
    "\n",
    "# Function to divide image into 32x32 patches and extract features from each patch\n",
    "def extract_image_features(image, patch_size=(32, 32), bins=(8, 8, 8)):\n",
    "    img_h, img_w, _ = image.shape\n",
    "    all_patches_features = []\n",
    "    \n",
    "    # Extract patches\n",
    "    for i in range(0, img_h, patch_size[0]):\n",
    "        for j in range(0, img_w, patch_size[1]):\n",
    "            patch = image[i:i+patch_size[0], j:j+patch_size[1]]\n",
    "            if patch.shape[0] == patch_size[0] and patch.shape[1] == patch_size[1]:\n",
    "                patch_features = extract_patch_histogram(patch, bins)\n",
    "                all_patches_features.append(patch_features)\n",
    "    \n",
    "    return np.array(all_patches_features)\n",
    "\n",
    "# Function to save feature vectors to a file\n",
    "def save_feature_vectors(feature_vectors, save_path):\n",
    "    np.save(save_path, feature_vectors)\n",
    "\n",
    "# Process the images in the 'botanical_garden', 'bus_interior', and 'elevator_shaft' classes for both training and test datasets\n",
    "def process_images_from_folder(folder_path, output_folder):\n",
    "    if not os.path.exists(output_folder):\n",
    "        os.makedirs(output_folder)\n",
    "    \n",
    "    for class_folder in os.listdir(folder_path):\n",
    "        class_folder_path = os.path.join(folder_path, class_folder)\n",
    "        output_class_folder = os.path.join(output_folder, class_folder)\n",
    "        if not os.path.exists(output_class_folder):\n",
    "            os.makedirs(output_class_folder)\n",
    "        \n",
    "        for image_name in os.listdir(class_folder_path):\n",
    "            image_path = os.path.join(class_folder_path, image_name)\n",
    "            image = cv2.imread(image_path)\n",
    "            if image is not None:\n",
    "                features = extract_image_features(image)\n",
    "                save_path = os.path.join(output_class_folder, f\"{image_name.split('.')[0]}_features.npy\")\n",
    "                save_feature_vectors(features, save_path)\n",
    "                print(f\"Processed and saved features for {image_name}\")\n",
    "\n",
    "# Example usage for processing train and test datasets\n",
    "train_folder = r'/home/user/Desktop/SPR_assignment02.o/SPR_assignment02/SPR_Assign02/group03/3class_scene_image_dataset/train'  # Path to the train dataset\n",
    "test_folder = r'/home/user/Desktop/SPR_assignment02.o/SPR_assignment02/SPR_Assign02/group03/3class_scene_image_dataset/test'    # Path to the test dataset\n",
    "output_train_features = r'/home/user/Desktop/SPR_assignment02.o/SPR_assignment02/SPR_Assign02/group03/3class_scene_image_dataset/output_train_features'  # Folder to save train features\n",
    "output_test_features = r'/home/user/Desktop/SPR_assignment02.o/SPR_assignment02/SPR_Assign02/group03/3class_scene_image_dataset/output_test_features'    # Folder to save test features\n",
    "\n",
    "# Process training set\n",
    "print(\"Processing training images...\")\n",
    "process_images_from_folder(train_folder, output_train_features)\n",
    "\n",
    "# Process test set\n",
    "print(\"Processing test images...\")\n",
    "process_images_from_folder(test_folder, output_test_features)"
   ]
  },
  {
   "cell_type": "markdown",
   "id": "86e403ba-44bd-44c5-9759-c0bbef9baa39",
   "metadata": {},
   "source": [
    "# Step 2: Clustering Algo. on Training Dataset "
   ]
  },
  {
   "cell_type": "code",
   "execution_count": 2,
   "id": "80bbe827-4ad7-4f83-9168-5170218effcd",
   "metadata": {},
   "outputs": [
    {
     "name": "stdout",
     "output_type": "stream",
     "text": [
      "\n",
      "Performing K-means clustering for class: botanical_garden\n",
      "K-means parameters for class botanical_garden:\n",
      "Centroids (means):\n",
      "Cluster 1 centroid:\n",
      "[0.2478319  0.24385756 0.17945892 0.10674162 0.05937319 0.03904473\n",
      " 0.04312417 0.08056786 0.08767479 0.16808455 0.19478346 0.17745312\n",
      " 0.13724852 0.09712025 0.06233314 0.07530224 0.09952146 0.19124779\n",
      " 0.19333957 0.16990194 0.1297126  0.08736759 0.06008637 0.06882266]\n",
      "\n",
      "Covariance Matrices:\n",
      "Cluster 1 covariance matrix:\n",
      "[[ 2.43623073e-02 -2.19279667e-03 -8.29256473e-03 -6.31572531e-03\n",
      "  -4.20091550e-03 -1.64465715e-03 -4.17495595e-04 -1.29715171e-03\n",
      "   7.83417863e-03  6.69963360e-03 -1.22151100e-03 -4.00299932e-03\n",
      "  -5.38970238e-03 -2.66939673e-03  2.46074436e-04 -1.49627754e-03\n",
      "   6.98451861e-03  3.24603334e-03 -1.73458296e-03 -2.79331309e-03\n",
      "  -2.58375042e-03 -7.35291556e-04 -8.86639164e-04 -1.49697444e-03]\n",
      " [-2.19279667e-03  7.89591936e-03  1.90479928e-03 -1.42436517e-03\n",
      "  -1.68932610e-03 -1.11201348e-03 -1.41383742e-03 -1.96738010e-03\n",
      "  -2.17685078e-03  1.98223329e-03  4.01392978e-03  1.43559638e-03\n",
      "  -8.04383613e-04 -1.62617110e-03 -1.59898263e-03 -1.22537114e-03\n",
      "  -1.75627391e-03  4.32313616e-03  3.78903641e-03 -2.15422291e-04\n",
      "  -1.89158263e-03 -1.89951422e-03 -1.55558639e-03 -7.93793083e-04]\n",
      " [-8.29256473e-03  1.90479928e-03  4.18700525e-03  1.99263120e-03\n",
      "   9.76302372e-04  1.44032365e-04 -2.65250897e-04 -6.45955136e-04\n",
      "  -2.36166818e-03 -1.93258461e-03  6.94479778e-04  1.61168280e-03\n",
      "   1.94046927e-03  5.98277653e-04 -5.55722305e-04  5.06571694e-06\n",
      "  -2.34149398e-03 -1.02770346e-03  1.20320055e-03  1.04314309e-03\n",
      "   7.11175577e-04  3.25181118e-05  5.39024253e-05  3.25257572e-04]\n",
      " [-6.31572531e-03 -1.42436517e-03  1.99263120e-03  3.56032268e-03\n",
      "   2.69294875e-03  9.03315325e-04 -4.57286808e-04 -9.50840755e-04\n",
      "  -1.88117502e-03 -2.19115030e-03 -7.00321750e-04  1.30236570e-03\n",
      "   2.47734313e-03  1.36712409e-03 -1.78065593e-04 -1.96120260e-04\n",
      "  -1.85572105e-03 -1.86709245e-03 -1.96980848e-04  1.09037632e-03\n",
      "   1.55858984e-03  8.38915195e-04  3.75949185e-04  5.59637343e-05]\n",
      " [-4.20091550e-03 -1.68932610e-03  9.76302372e-04  2.69294875e-03\n",
      "   2.43664912e-03  8.43943466e-04 -3.67661856e-04 -6.90940258e-04\n",
      "  -1.36987993e-03 -1.87720546e-03 -8.50940172e-04  8.48635476e-04\n",
      "   2.12933942e-03  1.25003502e-03  4.10336559e-05 -1.71018065e-04\n",
      "  -1.50346865e-03 -1.78888979e-03 -4.68188128e-04  8.57485839e-04\n",
      "   1.57236837e-03  9.28529288e-04  4.80152028e-04 -7.79890250e-05]\n",
      " [-1.64465715e-03 -1.11201348e-03  1.44032365e-04  9.03315325e-04\n",
      "   8.43943466e-04  7.55944735e-04  2.96349326e-04 -1.85914585e-04\n",
      "  -7.83875705e-04 -7.55402626e-04 -1.51712264e-04  2.01567540e-04\n",
      "   8.11397721e-04  6.37917334e-04  1.16642226e-04 -7.65342776e-05\n",
      "  -6.86480099e-04 -1.03145296e-03 -2.65588574e-04  5.77786733e-04\n",
      "   7.33831533e-04  4.58742502e-04  2.92685946e-04 -7.95251388e-05]\n",
      " [-4.17495595e-04 -1.41383742e-03 -2.65250897e-04 -4.57286808e-04\n",
      "  -3.67661856e-04  2.96349326e-04  2.59870001e-03  2.74831793e-05\n",
      "   8.64741818e-04 -7.83990236e-04 -7.98926216e-04 -4.33792388e-04\n",
      "   5.57321015e-05  5.16158398e-04  1.16789444e-03 -5.87817907e-04\n",
      "   7.95685621e-04 -1.34326737e-03 -9.70015639e-04  2.96206476e-04\n",
      "   3.96329539e-04  5.26284971e-04  8.37866809e-04 -5.39090410e-04]\n",
      " [-1.29715171e-03 -1.96738010e-03 -6.45955136e-04 -9.50840755e-04\n",
      "  -6.90940258e-04 -1.85914585e-04  2.74831793e-05  5.71169944e-03\n",
      "  -1.25470723e-04 -1.14153364e-03 -9.84998286e-04 -9.63056231e-04\n",
      "  -1.22019578e-03 -7.39446721e-05  7.61125857e-04  3.74807358e-03\n",
      "   3.63233577e-04 -5.10763283e-04 -1.35688084e-03 -8.56263184e-04\n",
      "  -4.96961945e-04 -1.50184359e-04  4.01669110e-04  2.60615085e-03]\n",
      " [ 7.83417863e-03 -2.17685078e-03 -2.36166818e-03 -1.88117502e-03\n",
      "  -1.36987993e-03 -7.83875705e-04  8.64741818e-04 -1.25470723e-04\n",
      "   7.01434594e-03  2.66032989e-03 -2.39575584e-03 -3.31007366e-03\n",
      "  -2.69413977e-03 -7.77770393e-04  2.87991752e-05 -5.24735509e-04\n",
      "   5.52248674e-03 -4.31419885e-05 -2.03190004e-03 -1.48804638e-03\n",
      "  -1.01672332e-03 -3.63583575e-04  6.78581029e-05 -6.46949383e-04]\n",
      " [ 6.69963360e-03  1.98223329e-03 -1.93258461e-03 -2.19115030e-03\n",
      "  -1.87720546e-03 -7.55402626e-04 -7.83990236e-04 -1.14153364e-03\n",
      "   2.66032989e-03  6.60838838e-03  1.45797353e-03 -2.07587177e-03\n",
      "  -3.27522443e-03 -2.76431984e-03 -9.26087179e-04 -1.68418859e-03\n",
      "   2.44676108e-03  4.05847986e-03  3.93221435e-04 -1.46161341e-03\n",
      "  -1.87187526e-03 -1.15602120e-03 -9.12434922e-04 -1.49651740e-03]\n",
      " [-1.22151100e-03  4.01392978e-03  6.94479778e-04 -7.00321750e-04\n",
      "  -8.50940172e-04 -1.51712264e-04 -7.98926216e-04 -9.84998286e-04\n",
      "  -2.39575584e-03  1.45797353e-03  4.73256103e-03  1.78335497e-03\n",
      "  -1.18364286e-03 -2.09846937e-03 -1.43658030e-03 -8.58441167e-04\n",
      "  -1.76734688e-03  2.54573437e-03  3.20098121e-03  5.43522387e-04\n",
      "  -1.43320611e-03 -1.36738656e-03 -1.29499233e-03 -4.27306056e-04]\n",
      " [-4.00299932e-03  1.43559638e-03  1.61168280e-03  1.30236570e-03\n",
      "   8.48635476e-04  2.01567540e-04 -4.33792388e-04 -9.63056231e-04\n",
      "  -3.31007366e-03 -2.07587177e-03  1.78335497e-03  3.37772798e-03\n",
      "   1.75243166e-03 -1.92846899e-04 -7.66583305e-04 -5.67138958e-04\n",
      "  -2.66843870e-03  1.94908963e-04  2.07950605e-03  1.26855999e-03\n",
      "  -8.48113679e-06 -2.70596698e-04 -5.29648557e-04 -6.58099638e-05]\n",
      " [-5.38970238e-03 -8.04383613e-04  1.94046927e-03  2.47734313e-03\n",
      "   2.12933942e-03  8.11397721e-04  5.57321015e-05 -1.22019578e-03\n",
      "  -2.69413977e-03 -3.27522443e-03 -1.18364286e-03  1.75243166e-03\n",
      "   4.35148558e-03  2.39324048e-03 -4.43941598e-04 -8.99209067e-04\n",
      "  -2.33150094e-03 -2.38526034e-03  1.02948318e-04  1.85544303e-03\n",
      "   2.39122538e-03  8.18944389e-04 -4.90452074e-05 -4.02754776e-04]\n",
      " [-2.66939673e-03 -1.62617110e-03  5.98277653e-04  1.36712409e-03\n",
      "   1.25003502e-03  6.37917334e-04  5.16158398e-04 -7.39446721e-05\n",
      "  -7.77770393e-04 -2.76431984e-03 -2.09846937e-03 -1.92846899e-04\n",
      "   2.39324048e-03  3.07346260e-03  7.08528767e-04 -3.40825375e-04\n",
      "  -4.75016867e-04 -2.38815768e-03 -1.13873773e-03  7.91197204e-04\n",
      "   2.22541681e-03  9.69400772e-04  2.46350974e-04 -2.30453580e-04]\n",
      " [ 2.46074436e-04 -1.59898263e-03 -5.55722305e-04 -1.78065593e-04\n",
      "   4.10336559e-05  1.16642226e-04  1.16789444e-03  7.61125857e-04\n",
      "   2.87991752e-05 -9.26087179e-04 -1.43658030e-03 -7.66583305e-04\n",
      "  -4.43941598e-04  7.08528767e-04  2.77566268e-03  6.12018058e-05\n",
      "  -1.90350878e-04 -1.52495007e-03 -1.74682198e-03 -5.27156692e-04\n",
      "   8.49275497e-04  1.67167845e-03  1.78655479e-03 -3.18229153e-04]\n",
      " [-1.49627754e-03 -1.22537114e-03  5.06571694e-06 -1.96120260e-04\n",
      "  -1.71018065e-04 -7.65342776e-05 -5.87817907e-04  3.74807358e-03\n",
      "  -5.24735509e-04 -1.68418859e-03 -8.58441167e-04 -5.67138958e-04\n",
      "  -8.99209067e-04 -3.40825375e-04  6.12018058e-05  4.81433701e-03\n",
      "  -5.36593648e-04 -4.57612981e-04 -8.59197296e-04 -9.81906280e-04\n",
      "  -1.13563194e-03 -3.02435574e-04  6.85357221e-04  3.58802046e-03]\n",
      " [ 6.98451861e-03 -1.75627391e-03 -2.34149398e-03 -1.85572105e-03\n",
      "  -1.50346865e-03 -6.86480099e-04  7.95685621e-04  3.63233577e-04\n",
      "   5.52248674e-03  2.44676108e-03 -1.76734688e-03 -2.66843870e-03\n",
      "  -2.33150094e-03 -4.75016867e-04 -1.90350878e-04 -5.36593648e-04\n",
      "   5.82116460e-03  9.01592754e-04 -1.69201341e-03 -1.51419099e-03\n",
      "  -1.32245634e-03 -9.32574704e-04 -5.70585778e-04 -6.89936027e-04]\n",
      " [ 3.24603334e-03  4.32313616e-03 -1.02770346e-03 -1.86709245e-03\n",
      "  -1.78888979e-03 -1.03145296e-03 -1.34326737e-03 -5.10763283e-04\n",
      "  -4.31419885e-05  4.05847986e-03  2.54573437e-03  1.94908963e-04\n",
      "  -2.38526034e-03 -2.38815768e-03 -1.52495007e-03 -4.57612981e-04\n",
      "   9.01592754e-04  7.86281432e-03  2.43313880e-03 -2.27023266e-03\n",
      "  -3.63291512e-03 -2.81640098e-03 -1.99008433e-03 -4.86912584e-04]\n",
      " [-1.73458296e-03  3.78903641e-03  1.20320055e-03 -1.96980848e-04\n",
      "  -4.68188128e-04 -2.65588574e-04 -9.70015639e-04 -1.35688084e-03\n",
      "  -2.03190004e-03  3.93221435e-04  3.20098121e-03  2.07950605e-03\n",
      "   1.02948318e-04 -1.13873773e-03 -1.74682198e-03 -8.59197296e-04\n",
      "  -1.69201341e-03  2.43313880e-03  3.84659304e-03  1.18348495e-03\n",
      "  -1.29974666e-03 -2.03117644e-03 -1.82158648e-03 -6.17693781e-04]\n",
      " [-2.79331309e-03 -2.15422291e-04  1.04314309e-03  1.09037632e-03\n",
      "   8.57485839e-04  5.77786733e-04  2.96206476e-04 -8.56263184e-04\n",
      "  -1.48804638e-03 -1.46161341e-03  5.43522387e-04  1.26855999e-03\n",
      "   1.85544303e-03  7.91197204e-04 -5.27156692e-04 -9.81906280e-04\n",
      "  -1.51419099e-03 -2.27023266e-03  1.18348495e-03  2.73495798e-03\n",
      "   1.46117771e-03 -1.77371543e-04 -6.54128091e-04 -7.62697432e-04]\n",
      " [-2.58375042e-03 -1.89158263e-03  7.11175577e-04  1.55858984e-03\n",
      "   1.57236837e-03  7.33831533e-04  3.96329539e-04 -4.96961945e-04\n",
      "  -1.01672332e-03 -1.87187526e-03 -1.43320611e-03 -8.48113679e-06\n",
      "   2.39122538e-03  2.22541681e-03  8.49275497e-04 -1.13563194e-03\n",
      "  -1.32245634e-03 -3.63291512e-03 -1.29974666e-03  1.46117771e-03\n",
      "   3.18746155e-03  1.79562006e-03  6.51658997e-04 -8.39800314e-04]\n",
      " [-7.35291556e-04 -1.89951422e-03  3.25181118e-05  8.38915195e-04\n",
      "   9.28529288e-04  4.58742502e-04  5.26284971e-04 -1.50184359e-04\n",
      "  -3.63583575e-04 -1.15602120e-03 -1.36738656e-03 -2.70596698e-04\n",
      "   8.18944389e-04  9.69400772e-04  1.67167845e-03 -3.02435574e-04\n",
      "  -9.32574704e-04 -2.81640098e-03 -2.03117644e-03 -1.77371543e-04\n",
      "   1.79562006e-03  2.48580811e-03  1.82911323e-03 -1.52017817e-04]\n",
      " [-8.86639164e-04 -1.55558639e-03  5.39024253e-05  3.75949185e-04\n",
      "   4.80152028e-04  2.92685946e-04  8.37866809e-04  4.01669110e-04\n",
      "   6.78581029e-05 -9.12434922e-04 -1.29499233e-03 -5.29648557e-04\n",
      "  -4.90452074e-05  2.46350974e-04  1.78655479e-03  6.85357221e-04\n",
      "  -5.70585778e-04 -1.99008433e-03 -1.82158648e-03 -6.54128091e-04\n",
      "   6.51658997e-04  1.82911323e-03  2.28000138e-03  2.76611079e-04]\n",
      " [-1.49697444e-03 -7.93793083e-04  3.25257572e-04  5.59637343e-05\n",
      "  -7.79890250e-05 -7.95251388e-05 -5.39090410e-04  2.60615085e-03\n",
      "  -6.46949383e-04 -1.49651740e-03 -4.27306056e-04 -6.58099638e-05\n",
      "  -4.02754776e-04 -2.30453580e-04 -3.18229153e-04  3.58802046e-03\n",
      "  -6.89936027e-04 -4.86912584e-04 -6.17693781e-04 -7.62697432e-04\n",
      "  -8.39800314e-04 -1.52017817e-04  2.76611079e-04  3.27344683e-03]]\n",
      "\n",
      "Performing K-means clustering for class: bus_interior\n",
      "K-means parameters for class bus_interior:\n",
      "Centroids (means):\n",
      "Cluster 1 centroid:\n",
      "[0.14190751 0.18945715 0.18195324 0.15219742 0.10692049 0.08296356\n",
      " 0.05791    0.08669057 0.13858758 0.18753482 0.18212807 0.14854811\n",
      " 0.11369005 0.08216473 0.05672855 0.09061811 0.12971261 0.179449\n",
      " 0.16391867 0.15366429 0.12376795 0.08831711 0.06031454 0.10085582]\n",
      "\n",
      "Covariance Matrices:\n",
      "Cluster 1 covariance matrix:\n",
      "[[ 1.41857250e-02  2.97498670e-03 -2.50068135e-03 -4.18307715e-03\n",
      "  -3.87491991e-03 -3.22994395e-03 -2.02307712e-03 -1.34801233e-03\n",
      "   1.18194566e-02  1.50535646e-03 -2.43566576e-03 -2.48010693e-03\n",
      "  -3.20810093e-03 -2.43584919e-03 -1.90000427e-03 -8.65086054e-04\n",
      "   9.75399357e-03  1.70940742e-03 -6.32244043e-04 -2.52007265e-03\n",
      "  -3.37767511e-03 -2.72348728e-03 -1.80008086e-03 -4.09841199e-04]\n",
      " [ 2.97498670e-03  5.87631855e-03  8.67758445e-04 -1.72405276e-03\n",
      "  -2.39434468e-03 -2.47445184e-03 -1.65472141e-03 -1.47049294e-03\n",
      "   1.88356314e-03  4.24742944e-03  3.92498637e-04 -8.39492958e-04\n",
      "  -2.00010970e-03 -1.52283603e-03 -1.20193300e-03 -9.59119663e-04\n",
      "   1.56699322e-03  3.70018896e-03  9.35294049e-04 -1.14560117e-03\n",
      "  -1.51320783e-03 -1.46495065e-03 -1.27907013e-03 -7.99646511e-04]\n",
      " [-2.50068135e-03  8.67758445e-04  4.45284648e-03  1.64039216e-03\n",
      "  -6.38173446e-04 -1.03067035e-03 -1.18427446e-03 -1.60619763e-03\n",
      "  -2.29650585e-03  7.54038938e-04  4.02772611e-03  1.50728636e-03\n",
      "  -7.46366446e-04 -9.80804362e-04 -8.19668363e-04 -1.44570634e-03\n",
      "  -2.60027204e-03 -6.59613679e-04  1.49060965e-03  2.77912458e-03\n",
      "   3.86501556e-04 -4.43263974e-04 -5.26052181e-04 -4.27033838e-04]\n",
      " [-4.18307715e-03 -1.72405276e-03  1.64039216e-03  3.46159384e-03\n",
      "   1.21510992e-03  4.58993912e-04 -1.95540553e-04 -6.72419443e-04\n",
      "  -3.31100127e-03 -9.91221767e-04  1.62725027e-03  2.43582631e-03\n",
      "   1.31390773e-03 -1.12290063e-04 -2.63327926e-04 -6.99143126e-04\n",
      "  -3.17412982e-03 -1.18702384e-03  5.04102415e-04  2.45471042e-03\n",
